{
  "asset": {
    "version": "2.0",
    "generator": "3dpea GLTFExporter"
  },
  "scenes": [
    {
      "name": "AuxScene",
      "nodes": [
        624
      ]
    }
  ],
  "scene": 0,
  "nodes": [
    {
      "name": "Cube",
      "extras": {
        "name": "Cube"
      },
      "mesh": 0
    },
    {
      "matrix": [
        1,
        0,
        0,
        0,
        0,
        1,
        0,
        0,
        0,
        0,
        1,
        0,
        8.859809875488281,
        0,
        -37.77499771118164,
        1
      ],
      "name": "Cube001",
      "extras": {
        "name": "Cube.001"
      },
      "mesh": 1
    },
    {
      "matrix": [
        1,
        0,
        0,
        0,
        0,
        1,
        0,
        0,
        0,
        0,
        1,
        0,
        8.859809875488281,
        0,
        -49.65061950683594,
        1
      ],
      "name": "Cube002",
      "extras": {
        "name": "Cube.002"
      },
      "mesh": 2
    },
    {
      "matrix": [
        1,
        0,
        0,
        0,
        0,
        1,
        0,
        0,
        0,
        0,
        1,
        0,
        16.938159942626953,
        0,
        -37.77499771118164,
        1
      ],
      "name": "Cube003",
      "extras": {
        "name": "Cube.003"
      },
      "mesh": 3
    },
    {
      "matrix": [
        1,
        0,
        0,
        0,
        0,
        1,
        0,
        0,
        0,
        0,
        1,
        0,
        16.84778594970703,
        0,
        -57.27716827392578,
        1
      ],
      "name": "Cube004",
      "extras": {
        "name": "Cube.004"
      },
      "mesh": 4
    },
    {
      "matrix": [
        1,
        0,
        0,
        0,
        0,
        1.3648667335510254,
        0,
        0,
        0,
        0,
        1.389847755432129,
        0,
        6.622650146484375,
        0,
        -42.58771514892578,
        1
      ],
      "name": "Cube005",
      "extras": {
        "name": "Cube.005"
      },
      "mesh": 5
    },
    {
      "matrix": [
        1,
        0,
        0,
        0,
        0,
        1.3648667335510254,
        0,
        0,
        0,
        0,
        1.389847755432129,
        0,
        8.217914581298828,
        0,
        -46.408660888671875,
        1
      ],
      "name": "Cube006",
      "extras": {
        "name": "Cube.006"
      },
      "mesh": 6
    },
    {
      "matrix": [
        1,
        0,
        0,
        0,
        0,
        1.3648667335510254,
        0,
        0,
        0,
        0,
        1.389847755432129,
        0,
        14.739917755126953,
        0,
        -44.14671325683594,
        1
      ],
      "name": "Cube007",
      "extras": {
        "name": "Cube.007"
      },
      "mesh": 7
    },
    {
      "matrix": [
        1.8106917142868042,
        0,
        0,
        0,
        0,
        1,
        0,
        0,
        0,
        0,
        1,
        0,
        13.365119934082031,
        0,
        -37.77499771118164,
        1
      ],
      "name": "Cube008",
      "extras": {
        "name": "Cube.008"
      },
      "mesh": 8
    },
    {
      "matrix": [
        1.807767745087916,
        0,
        0.10286041323323097,
        0,
        0,
        1,
        0,
        0,
        -0.05680724798243508,
        0,
        0.9983851645336325,
        0,
        8.555870056152344,
        0,
        -48.46893310546875,
        1
      ],
      "name": "Cube009",
      "extras": {
        "name": "Cube.009"
      },
      "mesh": 9
    },
    {
      "matrix": [
        0.9983851645336325,
        0,
        0.05680724798243508,
        0,
        0,
        1.3648667335510254,
        0,
        0,
        -0.07895342610066373,
        0,
        1.387603379983806,
        0,
        10.277511596679688,
        0,
        -54.298484802246094,
        1
      ],
      "name": "Cube010",
      "extras": {
        "name": "Cube.010"
      },
      "mesh": 10
    },
    {
      "matrix": [
        0.9983851645336325,
        0,
        0.05680724798243508,
        0,
        0,
        1.3648667335510254,
        0,
        0,
        -0.07895342610066373,
        0,
        1.387603379983806,
        0,
        3.9074325561523438,
        0,
        -57.38105773925781,
        1
      ],
      "name": "Cube011",
      "extras": {
        "name": "Cube.011"
      },
      "mesh": 11
    },
    {
      "matrix": [
        0.9983851645336325,
        0,
        0.05680724798243508,
        0,
        0,
        1.3648667335510254,
        0,
        0,
        -0.07895342610066373,
        0,
        1.387603379983806,
        0,
        10.072765350341797,
        0,
        -53.203125,
        1
      ],
      "name": "Cube012",
      "extras": {
        "name": "Cube.012"
      },
      "mesh": 12
    },
    {
      "matrix": [
        0.9983851645336325,
        0,
        0.05680724798243508,
        0,
        0,
        1,
        0,
        0,
        -0.05680724798243508,
        0,
        0.9983851645336325,
        0,
        13.140777587890625,
        0,
        -67.74177551269531,
        1
      ],
      "name": "Cube013",
      "extras": {
        "name": "Cube.013"
      },
      "mesh": 13
    },
    {
      "matrix": [
        0.9983851645336325,
        0,
        0.05680724798243508,
        0,
        0,
        1,
        0,
        0,
        -0.05680724798243508,
        0,
        0.9983851645336325,
        0,
        12.110244750976562,
        0,
        -47.81218719482422,
        1
      ],
      "name": "Cube014",
      "extras": {
        "name": "Cube.014"
      },
      "mesh": 14
    },
    {
      "matrix": [
        0.9983851645336325,
        0,
        0.05680724798243508,
        0,
        0,
        1,
        0,
        0,
        -0.05680724798243508,
        0,
        0.9983851645336325,
        0,
        12.707534790039062,
        0,
        -60.127540588378906,
        1
      ],
      "name": "Cube015",
      "extras": {
        "name": "Cube.015"
      },
      "mesh": 15
    },
    {
      "matrix": [
        0.9983851645336325,
        0,
        0.05680724798243508,
        0,
        0,
        1,
        0,
        0,
        -0.05680724798243508,
        0,
        0.9983851645336325,
        0,
        4.0449371337890625,
        0,
        -48.271095275878906,
        1
      ],
      "name": "Cube016",
      "extras": {
        "name": "Cube.016"
      },
      "mesh": 16
    },
    {
      "matrix": [
        0.999008421079076,
        0,
        0.04452162093910084,
        0,
        0,
        1,
        0,
        0,
        -0.04452162093910084,
        0,
        0.999008421079076,
        0,
        20.949581146240234,
        0,
        -48.239933013916016,
        1
      ],
      "name": "Cube017",
      "extras": {
        "name": "Cube.017"
      },
      "mesh": 17
    },
    {
      "matrix": [
        0.999008421079076,
        0,
        0.04452162093910084,
        0,
        0,
        1,
        0,
        0,
        -0.04452162093910084,
        0,
        0.999008421079076,
        0,
        21.47829818725586,
        0,
        -60.10377883911133,
        1
      ],
      "name": "Cube018",
      "extras": {
        "name": "Cube.018"
      },
      "mesh": 18
    },
    {
      "matrix": [
        0.999008421079076,
        0,
        0.04452162093910084,
        0,
        0,
        1,
        0,
        0,
        -0.04452162093910084,
        0,
        0.999008421079076,
        0,
        29.01992416381836,
        0,
        -47.880271911621094,
        1
      ],
      "name": "Cube019",
      "extras": {
        "name": "Cube.019"
      },
      "mesh": 19
    },
    {
      "matrix": [
        0.999008421079076,
        0,
        0.04452162093910084,
        0,
        0,
        1,
        0,
        0,
        -0.04452162093910084,
        0,
        0.999008421079076,
        0,
        29.805828094482422,
        0,
        -67.72276306152344,
        1
      ],
      "name": "Cube020",
      "extras": {
        "name": "Cube.020"
      },
      "mesh": 20
    },
    {
      "matrix": [
        0.9990084205813846,
        0,
        0.04452163476655535,
        0,
        0,
        1.3648667335510254,
        0,
        0,
        -0.06187829414846599,
        0,
        1.3884696110028336,
        0,
        18.928913116455078,
        0,
        -53.14748001098633,
        1
      ],
      "name": "Cube021",
      "extras": {
        "name": "Cube.021"
      },
      "mesh": 21
    },
    {
      "matrix": [
        0.9990084205813846,
        0,
        0.04452163476655535,
        0,
        0,
        1.3648667335510254,
        0,
        0,
        -0.06187829414846599,
        0,
        1.3884696110028336,
        0,
        12.712650299072266,
        0,
        -57.24925231933594,
        1
      ],
      "name": "Cube022",
      "extras": {
        "name": "Cube.022"
      },
      "mesh": 22
    },
    {
      "matrix": [
        0.9990084205813846,
        0,
        0.04452163476655535,
        0,
        0,
        1.3648667335510254,
        0,
        0,
        -0.06187829414846599,
        0,
        1.3884696110028336,
        0,
        27.107540130615234,
        0,
        -54.343536376953125,
        1
      ],
      "name": "Cube023",
      "extras": {
        "name": "Cube.023"
      },
      "mesh": 23
    },
    {
      "matrix": [
        1.808896388740544,
        0,
        0.08061496048569754,
        0,
        0,
        1,
        0,
        0,
        -0.04452163476655535,
        0,
        0.9990084205813846,
        0,
        17.470355987548828,
        0,
        -48.394989013671875,
        1
      ],
      "name": "Cube024",
      "extras": {
        "name": "Cube.024"
      },
      "mesh": 24
    },
    {
      "matrix": [
        1.8105547127633261,
        0,
        -0.0222736682738002,
        0,
        0,
        1,
        0,
        0,
        0.012301193018146306,
        0,
        0.9999243374659545,
        0,
        22.41079330444336,
        0,
        -37.761016845703125,
        1
      ],
      "name": "Cube025",
      "extras": {
        "name": "Cube.025"
      },
      "mesh": 25
    },
    {
      "matrix": [
        0.9999243374544979,
        0,
        -0.012301193949451283,
        0,
        0,
        1.3648667335510254,
        0,
        0,
        0.01709678679978015,
        0,
        1.3897425960130927,
        0,
        31.69448471069336,
        0,
        -44.2474250793457,
        1
      ],
      "name": "Cube026",
      "extras": {
        "name": "Cube.026"
      },
      "mesh": 26
    },
    {
      "matrix": [
        0.9999243374544979,
        0,
        -0.012301193949451283,
        0,
        0,
        1.3648667335510254,
        0,
        0,
        0.01709678679978015,
        0,
        1.3897425960130927,
        0,
        17.157772064208984,
        0,
        -46.330711364746094,
        1
      ],
      "name": "Cube027",
      "extras": {
        "name": "Cube.027"
      },
      "mesh": 27
    },
    {
      "matrix": [
        0.9999243374544979,
        0,
        -0.012301193949451283,
        0,
        0,
        1.3648667335510254,
        0,
        0,
        0.01709678679978015,
        0,
        1.3897425960130927,
        0,
        23.59701156616211,
        0,
        -42.58869171142578,
        1
      ],
      "name": "Cube028",
      "extras": {
        "name": "Cube.028"
      },
      "mesh": 28
    },
    {
      "matrix": [
        0.9999243374659545,
        0,
        -0.012301193018146306,
        0,
        0,
        1,
        0,
        0,
        0.012301193018146306,
        0,
        0.9999243374659545,
        0,
        25.653301239013672,
        0,
        -57.3045539855957,
        1
      ],
      "name": "Cube029",
      "extras": {
        "name": "Cube.029"
      },
      "mesh": 29
    },
    {
      "matrix": [
        0.9999243374659545,
        0,
        -0.012301193018146306,
        0,
        0,
        1,
        0,
        0,
        0.012301193018146306,
        0,
        0.9999243374659545,
        0,
        33.9709358215332,
        0,
        -37.90323257446289,
        1
      ],
      "name": "Cube030",
      "extras": {
        "name": "Cube.030"
      },
      "mesh": 30
    },
    {
      "matrix": [
        0.9999243374659545,
        0,
        -0.012301193018146306,
        0,
        0,
        1,
        0,
        0,
        0.012301193018146306,
        0,
        0.9999243374659545,
        0,
        25.747112274169922,
        0,
        -49.67858123779297,
        1
      ],
      "name": "Cube031",
      "extras": {
        "name": "Cube.031"
      },
      "mesh": 31
    },
    {
      "matrix": [
        0.9999243374659545,
        0,
        -0.012301193018146306,
        0,
        0,
        1,
        0,
        0,
        0.012301193018146306,
        0,
        0.9999243374659545,
        0,
        25.893207550048828,
        0,
        -37.80385971069336,
        1
      ],
      "name": "Cube032",
      "extras": {
        "name": "Cube.032"
      },
      "mesh": 32
    },
    {
      "matrix": [
        0.9999243374659545,
        0,
        -0.012301193018146306,
        0,
        0,
        1,
        0,
        0,
        0.012301193018146306,
        0,
        0.9999243374659545,
        0,
        25.893207550048828,
        0,
        -12.315439224243164,
        1
      ],
      "name": "Cube033",
      "extras": {
        "name": "Cube.033"
      },
      "mesh": 33
    },
    {
      "matrix": [
        0.9999243374659545,
        0,
        -0.012301193018146306,
        0,
        0,
        1,
        0,
        0,
        0.012301193018146306,
        0,
        0.9999243374659545,
        0,
        25.747112274169922,
        0,
        -24.190160751342773,
        1
      ],
      "name": "Cube034",
      "extras": {
        "name": "Cube.034"
      },
      "mesh": 34
    },
    {
      "matrix": [
        0.9999243374659545,
        0,
        -0.012301193018146306,
        0,
        0,
        1,
        0,
        0,
        0.012301193018146306,
        0,
        0.9999243374659545,
        0,
        33.9709358215332,
        0,
        -12.414812088012695,
        1
      ],
      "name": "Cube035",
      "extras": {
        "name": "Cube.035"
      },
      "mesh": 35
    },
    {
      "matrix": [
        0.9999243374659545,
        0,
        -0.012301193018146306,
        0,
        0,
        1,
        0,
        0,
        0.012301193018146306,
        0,
        0.9999243374659545,
        0,
        25.653301239013672,
        0,
        -31.816133499145508,
        1
      ],
      "name": "Cube036",
      "extras": {
        "name": "Cube.036"
      },
      "mesh": 36
    },
    {
      "matrix": [
        0.9999243374544979,
        0,
        -0.012301193949451283,
        0,
        0,
        1.3648667335510254,
        0,
        0,
        0.01709678679978015,
        0,
        1.3897425960130927,
        0,
        23.59701156616211,
        0,
        -17.100271224975586,
        1
      ],
      "name": "Cube037",
      "extras": {
        "name": "Cube.037"
      },
      "mesh": 37
    },
    {
      "matrix": [
        0.9999243374544979,
        0,
        -0.012301193949451283,
        0,
        0,
        1.3648667335510254,
        0,
        0,
        0.01709678679978015,
        0,
        1.3897425960130927,
        0,
        17.157772064208984,
        0,
        -20.8422908782959,
        1
      ],
      "name": "Cube038",
      "extras": {
        "name": "Cube.038"
      },
      "mesh": 38
    },
    {
      "matrix": [
        0.9999243374544979,
        0,
        -0.012301193949451283,
        0,
        0,
        1.3648667335510254,
        0,
        0,
        0.01709678679978015,
        0,
        1.3897425960130927,
        0,
        31.69448471069336,
        0,
        -18.759004592895508,
        1
      ],
      "name": "Cube039",
      "extras": {
        "name": "Cube.039"
      },
      "mesh": 39
    },
    {
      "matrix": [
        1.8105547127633261,
        0,
        -0.0222736682738002,
        0,
        0,
        1,
        0,
        0,
        0.012301193018146306,
        0,
        0.9999243374659545,
        0,
        22.41079330444336,
        0,
        -12.27259635925293,
        1
      ],
      "name": "Cube040",
      "extras": {
        "name": "Cube.040"
      },
      "mesh": 40
    },
    {
      "matrix": [
        1.808896388740544,
        0,
        0.08061496048569754,
        0,
        0,
        1,
        0,
        0,
        -0.04452163476655535,
        0,
        0.9990084205813846,
        0,
        17.470355987548828,
        0,
        -22.90656852722168,
        1
      ],
      "name": "Cube041",
      "extras": {
        "name": "Cube.041"
      },
      "mesh": 41
    },
    {
      "matrix": [
        0.9990084205813846,
        0,
        0.04452163476655535,
        0,
        0,
        1.3648667335510254,
        0,
        0,
        -0.06187829414846599,
        0,
        1.3884696110028336,
        0,
        27.107540130615234,
        0,
        -28.85511589050293,
        1
      ],
      "name": "Cube042",
      "extras": {
        "name": "Cube.042"
      },
      "mesh": 42
    },
    {
      "matrix": [
        0.9990084205813846,
        0,
        0.04452163476655535,
        0,
        0,
        1.3648667335510254,
        0,
        0,
        -0.06187829414846599,
        0,
        1.3884696110028336,
        0,
        12.712650299072266,
        0,
        -31.760831832885742,
        1
      ],
      "name": "Cube043",
      "extras": {
        "name": "Cube.043"
      },
      "mesh": 43
    },
    {
      "matrix": [
        0.9990084205813846,
        0,
        0.04452163476655535,
        0,
        0,
        1.3648667335510254,
        0,
        0,
        -0.06187829414846599,
        0,
        1.3884696110028336,
        0,
        18.928913116455078,
        0,
        -27.659059524536133,
        1
      ],
      "name": "Cube044",
      "extras": {
        "name": "Cube.044"
      },
      "mesh": 44
    },
    {
      "matrix": [
        0.999008421079076,
        0,
        0.04452162093910084,
        0,
        0,
        1,
        0,
        0,
        -0.04452162093910084,
        0,
        0.999008421079076,
        0,
        29.805828094482422,
        0,
        -42.234344482421875,
        1
      ],
      "name": "Cube045",
      "extras": {
        "name": "Cube.045"
      },
      "mesh": 45
    },
    {
      "matrix": [
        0.999008421079076,
        0,
        0.04452162093910084,
        0,
        0,
        1,
        0,
        0,
        -0.04452162093910084,
        0,
        0.999008421079076,
        0,
        29.01992416381836,
        0,
        -22.3918514251709,
        1
      ],
      "name": "Cube046",
      "extras": {
        "name": "Cube.046"
      },
      "mesh": 46
    },
    {
      "matrix": [
        0.999008421079076,
        0,
        0.04452162093910084,
        0,
        0,
        1,
        0,
        0,
        -0.04452162093910084,
        0,
        0.999008421079076,
        0,
        21.47829818725586,
        0,
        -34.6153564453125,
        1
      ],
      "name": "Cube047",
      "extras": {
        "name": "Cube.047"
      },
      "mesh": 47
    },
    {
      "matrix": [
        0.999008421079076,
        0,
        0.04452162093910084,
        0,
        0,
        1,
        0,
        0,
        -0.04452162093910084,
        0,
        0.999008421079076,
        0,
        20.949581146240234,
        0,
        -22.75151252746582,
        1
      ],
      "name": "Cube048",
      "extras": {
        "name": "Cube.048"
      },
      "mesh": 48
    },
    {
      "matrix": [
        0.9983851645336325,
        0,
        0.05680724798243508,
        0,
        0,
        1,
        0,
        0,
        -0.05680724798243508,
        0,
        0.9983851645336325,
        0,
        12.707534790039062,
        0,
        -34.639122009277344,
        1
      ],
      "name": "Cube049",
      "extras": {
        "name": "Cube.049"
      },
      "mesh": 49
    },
    {
      "matrix": [
        0.9983851645336325,
        0,
        0.05680724798243508,
        0,
        0,
        1,
        0,
        0,
        -0.05680724798243508,
        0,
        0.9983851645336325,
        0,
        12.110244750976562,
        0,
        -22.323766708374023,
        1
      ],
      "name": "Cube050",
      "extras": {
        "name": "Cube.050"
      },
      "mesh": 50
    },
    {
      "matrix": [
        0.9983851645336325,
        0,
        0.05680724798243508,
        0,
        0,
        1,
        0,
        0,
        -0.05680724798243508,
        0,
        0.9983851645336325,
        0,
        13.140777587890625,
        0,
        -42.25335693359375,
        1
      ],
      "name": "Cube051",
      "extras": {
        "name": "Cube.051"
      },
      "mesh": 51
    },
    {
      "matrix": [
        0.9983851645336325,
        0,
        0.05680724798243508,
        0,
        0,
        1.3648667335510254,
        0,
        0,
        -0.07895342610066373,
        0,
        1.387603379983806,
        0,
        10.072765350341797,
        0,
        -27.714704513549805,
        1
      ],
      "name": "Cube052",
      "extras": {
        "name": "Cube.052"
      },
      "mesh": 52
    },
    {
      "matrix": [
        0.9983851645336325,
        0,
        0.05680724798243508,
        0,
        0,
        1.3648667335510254,
        0,
        0,
        -0.07895342610066373,
        0,
        1.387603379983806,
        0,
        10.277511596679688,
        0,
        -28.8100643157959,
        1
      ],
      "name": "Cube053",
      "extras": {
        "name": "Cube.053"
      },
      "mesh": 53
    },
    {
      "matrix": [
        1.807767745087916,
        0,
        0.10286041323323097,
        0,
        0,
        1,
        0,
        0,
        -0.05680724798243508,
        0,
        0.9983851645336325,
        0,
        8.555870056152344,
        0,
        -22.980512619018555,
        1
      ],
      "name": "Cube054",
      "extras": {
        "name": "Cube.054"
      },
      "mesh": 54
    },
    {
      "matrix": [
        1.8106917142868042,
        0,
        0,
        0,
        0,
        1,
        0,
        0,
        0,
        0,
        1,
        0,
        13.365119934082031,
        0,
        -12.286577224731445,
        1
      ],
      "name": "Cube055",
      "extras": {
        "name": "Cube.055"
      },
      "mesh": 55
    },
    {
      "matrix": [
        1,
        0,
        0,
        0,
        0,
        1.3648667335510254,
        0,
        0,
        0,
        0,
        1.389847755432129,
        0,
        14.739917755126953,
        0,
        -18.658292770385742,
        1
      ],
      "name": "Cube056",
      "extras": {
        "name": "Cube.056"
      },
      "mesh": 56
    },
    {
      "matrix": [
        1,
        0,
        0,
        0,
        0,
        1.3648667335510254,
        0,
        0,
        0,
        0,
        1.389847755432129,
        0,
        8.217914581298828,
        0,
        -20.92024040222168,
        1
      ],
      "name": "Cube057",
      "extras": {
        "name": "Cube.057"
      },
      "mesh": 57
    },
    {
      "matrix": [
        1,
        0,
        0,
        0,
        0,
        1,
        0,
        0,
        0,
        0,
        1,
        0,
        16.84778594970703,
        0,
        -31.788747787475586,
        1
      ],
      "name": "Cube058",
      "extras": {
        "name": "Cube.058"
      },
      "mesh": 58
    },
    {
      "matrix": [
        1,
        0,
        0,
        0,
        0,
        1,
        0,
        0,
        0,
        0,
        1,
        0,
        16.938159942626953,
        0,
        -12.286577224731445,
        1
      ],
      "name": "Cube059",
      "extras": {
        "name": "Cube.059"
      },
      "mesh": 59
    },
    {
      "matrix": [
        1,
        0,
        0,
        0,
        0,
        1,
        0,
        0,
        0,
        0,
        1,
        0,
        8.859809875488281,
        0,
        -24.162199020385742,
        1
      ],
      "name": "Cube060",
      "extras": {
        "name": "Cube.060"
      },
      "mesh": 60
    },
    {
      "matrix": [
        1,
        0,
        0,
        0,
        0,
        1,
        0,
        0,
        0,
        0,
        1,
        0,
        8.859809875488281,
        0,
        -12.286577224731445,
        1
      ],
      "name": "Cube061",
      "extras": {
        "name": "Cube.061"
      },
      "mesh": 61
    },
    {
      "matrix": [
        0.9978408310763438,
        0,
        -0.06567858231264978,
        0,
        0,
        1,
        0,
        0,
        0.06567858231264978,
        0,
        0.9978408310763438,
        0,
        36.02059555053711,
        0,
        -23.536718368530273,
        1
      ],
      "name": "Cube062",
      "extras": {
        "name": "Cube.062"
      },
      "mesh": 62
    },
    {
      "matrix": [
        0.9978408310763438,
        0,
        -0.06567858231264978,
        0,
        0,
        1,
        0,
        0,
        0.06567858231264978,
        0,
        0.9978408310763438,
        0,
        44.86147689819336,
        0,
        -12.217313766479492,
        1
      ],
      "name": "Cube063",
      "extras": {
        "name": "Cube.063"
      },
      "mesh": 63
    },
    {
      "matrix": [
        0.9978408310763438,
        0,
        -0.06567858231264978,
        0,
        0,
        1,
        0,
        0,
        0.06567858231264978,
        0,
        0.9978408310763438,
        0,
        43.490421295166016,
        0,
        -31.67144012451172,
        1
      ],
      "name": "Cube064",
      "extras": {
        "name": "Cube.064"
      },
      "mesh": 64
    },
    {
      "matrix": [
        0.9978408315659517,
        0,
        -0.06567857486609174,
        0,
        0,
        1.3648667335510254,
        0,
        0,
        0.09128321985761864,
        0,
        1.386846840030467,
        0,
        42.24949645996094,
        0,
        -18.43089485168457,
        1
      ],
      "name": "Cube065",
      "extras": {
        "name": "Cube.065"
      },
      "mesh": 65
    },
    {
      "matrix": [
        1.8067821258935233,
        0,
        -0.11892365131619786,
        0,
        0,
        1,
        0,
        0,
        0.06567857486609174,
        0,
        0.9978408315659517,
        0,
        41.29615020751953,
        0,
        -11.982641220092773,
        1
      ],
      "name": "Cube066",
      "extras": {
        "name": "Cube.066"
      },
      "mesh": 66
    },
    {
      "matrix": [
        1.8106201948281497,
        0,
        -0.016093300435135263,
        0,
        0,
        1,
        0,
        0,
        0.008887929573077047,
        0,
        0.999960501581749,
        0,
        35.794921875,
        0,
        -22.33761978149414,
        1
      ],
      "name": "Cube067",
      "extras": {
        "name": "Cube.067"
      },
      "mesh": 67
    },
    {
      "matrix": [
        0.999960501581749,
        0,
        -0.008887929573077047,
        0,
        0,
        1.3648667335510254,
        0,
        0,
        0.012352868967579974,
        0,
        1.3897928586441797,
        0,
        37.12997055053711,
        0,
        -28.267662048339844,
        1
      ],
      "name": "Cube068",
      "extras": {
        "name": "Cube.068"
      },
      "mesh": 68
    },
    {
      "matrix": [
        0.999960501581749,
        0,
        -0.008887929573077047,
        0,
        0,
        1.3648667335510254,
        0,
        0,
        0.012352868967579974,
        0,
        1.3897928586441797,
        0,
        36.99760818481445,
        0,
        -27.161218643188477,
        1
      ],
      "name": "Cube069",
      "extras": {
        "name": "Cube.069"
      },
      "mesh": 69
    },
    {
      "matrix": [
        0.999960501581749,
        0,
        -0.008887929043309983,
        0,
        0,
        1,
        0,
        0,
        0.008887929043309983,
        0,
        0.999960501581749,
        0,
        39.10411834716797,
        0,
        -41.8699836730957,
        1
      ],
      "name": "Cube070",
      "extras": {
        "name": "Cube.070"
      },
      "mesh": 70
    },
    {
      "matrix": [
        0.999960501581749,
        0,
        -0.008887929043309983,
        0,
        0,
        1,
        0,
        0,
        0.008887929043309983,
        0,
        0.999960501581749,
        0,
        39.38475799560547,
        0,
        -21.915740966796875,
        1
      ],
      "name": "Cube071",
      "extras": {
        "name": "Cube.071"
      },
      "mesh": 71
    },
    {
      "matrix": [
        0.999960501581749,
        0,
        -0.008887929043309983,
        0,
        0,
        1,
        0,
        0,
        0.008887929043309983,
        0,
        0.999960501581749,
        0,
        39.17190170288086,
        0,
        -34.24373245239258,
        1
      ],
      "name": "Cube072",
      "extras": {
        "name": "Cube.072"
      },
      "mesh": 72
    },
    {
      "matrix": [
        0.99977550973558,
        0,
        -0.021187973450958353,
        0,
        0,
        1,
        0,
        0,
        0.021187973450958353,
        0,
        0.99977550973558,
        0,
        48.17691421508789,
        0,
        -22.923118591308594,
        1
      ],
      "name": "Cube073",
      "extras": {
        "name": "Cube.073"
      },
      "mesh": 73
    },
    {
      "matrix": [
        0.99977550973558,
        0,
        -0.021187973450958353,
        0,
        0,
        1,
        0,
        0,
        0.021187973450958353,
        0,
        0.99977550973558,
        0,
        47.925289154052734,
        0,
        -34.79607009887695,
        1
      ],
      "name": "Cube074",
      "extras": {
        "name": "Cube.074"
      },
      "mesh": 74
    },
    {
      "matrix": [
        0.99977550973558,
        0,
        -0.021187973450958353,
        0,
        0,
        1,
        0,
        0,
        0.021187973450958353,
        0,
        0.99977550973558,
        0,
        56.25345230102539,
        0,
        -23.094280242919922,
        1
      ],
      "name": "Cube075",
      "extras": {
        "name": "Cube.075"
      },
      "mesh": 75
    },
    {
      "matrix": [
        0.99977550973558,
        0,
        -0.021187973450958353,
        0,
        0,
        1,
        0,
        0,
        0.021187973450958353,
        0,
        0.99977550973558,
        0,
        55.734432220458984,
        0,
        -42.94554901123047,
        1
      ],
      "name": "Cube076",
      "extras": {
        "name": "Cube.076"
      },
      "mesh": 76
    },
    {
      "matrix": [
        0.99977550973558,
        0,
        -0.021187973450958353,
        0,
        0,
        1.3648667335510254,
        0,
        0,
        0.029448057342970006,
        0,
        1.3895357481420085,
        0,
        45.838287353515625,
        0,
        -27.687353134155273,
        1
      ],
      "name": "Cube077",
      "extras": {
        "name": "Cube.077"
      },
      "mesh": 77
    },
    {
      "matrix": [
        0.99977550973558,
        0,
        -0.021187973450958353,
        0,
        0,
        1.3648667335510254,
        0,
        0,
        0.029448057342970006,
        0,
        1.3895357481420085,
        0,
        39.36604690551758,
        0,
        -31.371994018554688,
        1
      ],
      "name": "Cube078",
      "extras": {
        "name": "Cube.078"
      },
      "mesh": 78
    },
    {
      "matrix": [
        0.99977550973558,
        0,
        -0.021187973450958353,
        0,
        0,
        1.3648667335510254,
        0,
        0,
        0.029448057342970006,
        0,
        1.3895357481420085,
        0,
        53.92070007324219,
        0,
        -29.417987823486328,
        1
      ],
      "name": "Cube079",
      "extras": {
        "name": "Cube.079"
      },
      "mesh": 79
    },
    {
      "matrix": [
        1.810285231625081,
        0,
        -0.038364887970179076,
        0,
        0,
        1,
        0,
        0,
        0.021187973450958353,
        0,
        0.99977550973558,
        0,
        44.69501495361328,
        0,
        -22.849327087402344,
        1
      ],
      "name": "Cube080",
      "extras": {
        "name": "Cube.080"
      },
      "mesh": 80
    },
    {
      "matrix": [
        1.8051826363908505,
        0,
        -0.141140235749327,
        0,
        0,
        1,
        0,
        0,
        0.07794823676694485,
        0,
        0.9969574076585931,
        0,
        50.323211669921875,
        0,
        -12.562795639038086,
        1
      ],
      "name": "Cube081",
      "extras": {
        "name": "Cube.081"
      },
      "mesh": 81
    },
    {
      "matrix": [
        0.9969574076585931,
        0,
        -0.07794823676694485,
        0,
        0,
        1.3648667335510254,
        0,
        0,
        0.10833618191043044,
        0,
        1.3856190152957295,
        0,
        59.16083908081055,
        0,
        -19.644941329956055,
        1
      ],
      "name": "Cube082",
      "extras": {
        "name": "Cube.082"
      },
      "mesh": 82
    },
    {
      "matrix": [
        0.9969574076585931,
        0,
        -0.07794823676694485,
        0,
        0,
        1.3648667335510254,
        0,
        0,
        0.10833618191043044,
        0,
        1.3856190152957295,
        0,
        44.51868438720703,
        0,
        -20.76897621154785,
        1
      ],
      "name": "Cube083",
      "extras": {
        "name": "Cube.083"
      },
      "mesh": 83
    },
    {
      "matrix": [
        0.9969574076585931,
        0,
        -0.07794823676694485,
        0,
        0,
        1.3648667335510254,
        0,
        0,
        0.10833618191043044,
        0,
        1.3856190152957295,
        0,
        51.18979263305664,
        0,
        -17.457956314086914,
        1
      ],
      "name": "Cube084",
      "extras": {
        "name": "Cube.084"
      },
      "mesh": 84
    },
    {
      "matrix": [
        0.9969574076585931,
        0,
        -0.07794823676694485,
        0,
        0,
        1,
        0,
        0,
        0.07794823676694485,
        0,
        0.9969574076585931,
        0,
        52.275123596191406,
        0,
        -32.277099609375,
        1
      ],
      "name": "Cube085",
      "extras": {
        "name": "Cube.085"
      },
      "mesh": 85
    },
    {
      "matrix": [
        0.9969574076585931,
        0,
        -0.07794823676694485,
        0,
        0,
        1,
        0,
        0,
        0.07794823676694485,
        0,
        0.9969574076585931,
        0,
        61.84905242919922,
        0,
        -13.463958740234375,
        1
      ],
      "name": "Cube086",
      "extras": {
        "name": "Cube.086"
      },
      "mesh": 86
    },
    {
      "matrix": [
        0.9969574076585931,
        0,
        -0.07794823676694485,
        0,
        0,
        1,
        0,
        0,
        0.07794823676694485,
        0,
        0.9969574076585931,
        0,
        52.869598388671875,
        0,
        -24.673755645751953,
        1
      ],
      "name": "Cube087",
      "extras": {
        "name": "Cube.087"
      },
      "mesh": 87
    },
    {
      "matrix": [
        0.9969574076585931,
        0,
        -0.07794823676694485,
        0,
        0,
        1,
        0,
        0,
        0.07794823676694485,
        0,
        0.9969574076585931,
        0,
        53.795291900634766,
        0,
        -12.834268569946289,
        1
      ],
      "name": "Cube088",
      "extras": {
        "name": "Cube.088"
      },
      "mesh": 88
    },
    {
      "matrix": [
        0.9969574076585931,
        0,
        -0.07794823676694485,
        0,
        0,
        1,
        0,
        0,
        0.07794823676694485,
        0,
        0.9969574076585931,
        0,
        52.12125015258789,
        0,
        -38.26765441894531,
        1
      ],
      "name": "Cube089",
      "extras": {
        "name": "Cube.089"
      },
      "mesh": 89
    },
    {
      "matrix": [
        0.9969574076585931,
        0,
        -0.07794823676694485,
        0,
        0,
        1,
        0,
        0,
        0.07794823676694485,
        0,
        0.9969574076585931,
        0,
        51.195552825927734,
        0,
        -50.107139587402344,
        1
      ],
      "name": "Cube090",
      "extras": {
        "name": "Cube.090"
      },
      "mesh": 90
    },
    {
      "matrix": [
        0.9969574076585931,
        0,
        -0.07794823676694485,
        0,
        0,
        1,
        0,
        0,
        0.07794823676694485,
        0,
        0.9969574076585931,
        0,
        60.175010681152344,
        0,
        -38.89734649658203,
        1
      ],
      "name": "Cube091",
      "extras": {
        "name": "Cube.091"
      },
      "mesh": 91
    },
    {
      "matrix": [
        0.9969574076585931,
        0,
        -0.07794823676694485,
        0,
        0,
        1,
        0,
        0,
        0.07794823676694485,
        0,
        0.9969574076585931,
        0,
        50.60108184814453,
        0,
        -57.710487365722656,
        1
      ],
      "name": "Cube092",
      "extras": {
        "name": "Cube.092"
      },
      "mesh": 92
    },
    {
      "matrix": [
        0.9969574076585931,
        0,
        -0.07794823676694485,
        0,
        0,
        1.3648667335510254,
        0,
        0,
        0.10833618191043044,
        0,
        1.3856190152957295,
        0,
        49.515750885009766,
        0,
        -42.89134216308594,
        1
      ],
      "name": "Cube093",
      "extras": {
        "name": "Cube.093"
      },
      "mesh": 93
    },
    {
      "matrix": [
        0.9969574076585931,
        0,
        -0.07794823676694485,
        0,
        0,
        1.3648667335510254,
        0,
        0,
        0.10833618191043044,
        0,
        1.3856190152957295,
        0,
        42.844642639160156,
        0,
        -46.202362060546875,
        1
      ],
      "name": "Cube094",
      "extras": {
        "name": "Cube.094"
      },
      "mesh": 94
    },
    {
      "matrix": [
        0.9969574076585931,
        0,
        -0.07794823676694485,
        0,
        0,
        1.3648667335510254,
        0,
        0,
        0.10833618191043044,
        0,
        1.3856190152957295,
        0,
        57.486793518066406,
        0,
        -45.07832717895508,
        1
      ],
      "name": "Cube095",
      "extras": {
        "name": "Cube.095"
      },
      "mesh": 95
    },
    {
      "matrix": [
        1.8051826363908505,
        0,
        -0.141140235749327,
        0,
        0,
        1,
        0,
        0,
        0.07794823676694485,
        0,
        0.9969574076585931,
        0,
        48.649166107177734,
        0,
        -37.996185302734375,
        1
      ],
      "name": "Cube096",
      "extras": {
        "name": "Cube.096"
      },
      "mesh": 96
    },
    {
      "matrix": [
        1.810285231625081,
        0,
        -0.038364887970179076,
        0,
        0,
        1,
        0,
        0,
